step,step-time,batch-loss,batch-perplexity,learnrate,val-loss
100,3.17461750984,19.4696312332,285465355.579,1.0,6.73149
200,3.08686691523,6.14327323437,465.57501562,1.0,5.90485
300,3.09075459242,5.95334959984,385.040914411,1.0,5.7733
400,3.1004180336,5.77351988316,321.667976009,1.0,5.80249
500,3.06125341415,5.7058018589,300.606427373,1.0,5.78844
600,3.08542178869,5.63636777401,280.442236706,1.0,5.75548
700,3.10535864353,5.62403286457,277.004254305,1.0,5.5879
800,3.07679047108,5.56498314857,261.120803415,1.0,5.49018
900,3.08748011827,5.53518383503,253.454377147,1.0,5.44462
1000,3.11829080582,5.50682164669,246.366840495,1.0,5.43734
1100,3.0683105588,5.48600075245,241.290295065,1.0,5.4298
1200,3.05820915699,5.45992984295,235.080931202,1.0,5.43542
1300,3.07385465145,5.46508649826,236.296293443,1.0,5.37717
1400,3.09275591373,5.44780439377,232.247681245,1.0,5.32828
1500,3.10687813282,5.42984331131,228.113499818,1.0,5.39555
1600,3.10008420706,5.41829471111,225.494261587,1.0,5.27958
1700,3.10273806334,5.4049256134,222.499668875,1.0,5.36952
1800,3.04808623552,5.40700750351,222.963371256,1.0,5.47229
1900,3.04108685255,5.38651522636,218.440840795,1.0,5.43734
2000,3.0822118783,5.3880919838,218.785540696,1.0,5.38389
2100,3.06706922054,5.37124859333,215.131311602,1.0,5.19826
2200,3.06015921354,5.36628325462,214.065759376,1.0,5.60129
2300,3.06980276585,5.36797587395,214.428398035,1.0,5.42728
2400,3.04852464676,5.3498833847,210.58373915,1.0,5.37611
2500,3.02799450397,5.34048612595,208.614098369,1.0,5.45149
2600,3.06570566416,5.33490348339,207.452725208,1.0,5.33698
2700,3.07511161566,5.34640383244,209.852275344,1.0,5.43513
2800,3.05652696848,5.34436276436,209.424389384,1.0,5.33662
2900,3.08528495312,5.33973996162,208.458496032,1.0,5.30453
3000,3.08670750856,5.33110454559,206.666120287,1.0,5.30382
3100,3.05425577641,5.32307688713,205.013716597,1.0,5.32484
3200,3.0646253109,5.31676814556,203.724409271,1.0,5.35315
3300,3.08356735468,5.31607426643,203.583098187,1.0,5.33863
3400,3.10360940456,5.32103639126,204.595813465,1.0,5.28322
3500,3.06959780216,5.31138739109,202.63116213,1.0,5.3159
3600,3.08252318144,5.30015645981,200.368157086,1.0,5.26761
3700,3.10053906918,5.30508289814,201.3576939,1.0,5.33175
3800,3.11879427433,5.30854108334,202.055231508,1.0,5.20513
3900,3.09346570492,5.30653648853,201.65059834,1.0,5.31044
4000,3.08528260946,5.29238583088,198.817204232,1.0,5.2174
4100,3.1091221261,5.29065861702,198.474100793,1.0,5.25108
4200,3.10034610987,5.28650244236,197.650919592,1.0,5.3838
4300,3.08468617201,5.29351065159,199.040963762,1.0,5.15604
4400,3.09044636965,5.28601673126,197.554941657,0.99,5.27294
4500,3.08140155554,5.27325854778,195.050509438,0.99,5.30842
4600,3.07695716619,5.27935368538,196.242999635,0.99,5.29854
4700,3.11325601816,5.27376627445,195.149566929,0.99,5.22772
4800,3.10096403837,5.26788235188,194.004693462,0.99,5.33448
4900,3.08663458347,5.27338280201,195.074746794,0.99,5.30062
5000,3.11772321224,5.27172050953,194.750744877,0.99,5.29549
5100,3.09672183752,5.26707086086,193.847324258,0.99,5.26449
5200,3.09228338242,5.26804022312,194.035323643,0.99,5.18638
5300,3.09219795465,5.26484878063,193.417058171,0.99,5.33135
5400,3.06880970955,5.25332652092,191.201246686,0.99,5.24993
5500,3.060090487,5.25871194363,192.233723889,0.99,5.19074
5600,3.04693158388,5.2636623764,193.187723424,0.99,5.1752
5700,3.03430009604,5.25224799156,190.995141693,0.99,5.24022
5800,3.07242684603,5.26895257473,194.212432863,0.99,5.25453
5900,3.09780071974,5.26588484287,193.617554126,0.9801,5.33266
6000,3.04628419399,5.24422217369,189.468384405,0.9801,5.23184
6100,3.03739241123,5.24781332493,190.150017219,0.9801,5.25269
6200,3.09308613777,5.25476419449,191.476329357,0.9801,5.29419
6300,3.06928589582,5.25790565968,192.078791391,0.9801,5.19241
6400,3.06720109463,5.2585941267,192.211076837,0.970299,5.23174
6500,3.07783248425,5.24726025105,190.044879288,0.960596,5.18238
6600,3.07744198799,5.23994543076,188.659807102,0.960596,5.26781
6700,3.0459152174,5.24658613682,189.916810502,0.960596,5.32024
6800,3.07096824884,5.23720248222,188.143032028,0.960596,5.28384
6900,3.05017883062,5.24277462006,189.194317168,0.960596,5.32087
7000,3.08962973595,5.24810355186,190.205211885,0.960596,5.28733
7100,3.08847549915,5.23453834534,187.642460329,0.95099,5.33493
7200,3.10639994383,5.24697091103,189.989899653,0.95099,5.22754
7300,3.10049953938,5.23866950035,188.419243821,0.95099,5.21428
7400,3.07476943731,5.23944843769,188.566067782,0.95099,5.20292
7500,3.09343275547,5.23833663464,188.356535952,0.95099,5.33401
7600,3.10798558474,5.23724431992,188.150903663,0.95099,5.32201
7700,3.10379115582,5.22859591484,186.530714558,0.95099,5.30023
7800,3.13667495728,5.23267475605,187.293097485,0.95099,5.22557
7900,3.10739464045,5.23508317471,187.744721307,0.95099,5.23917
8000,3.12601952076,5.23681446075,188.070042654,0.95099,5.25509
8100,3.13052287579,5.23625743866,187.965312656,0.94148,5.20023
8200,3.10836622,5.2325082159,187.261908263,0.94148,5.1876
8300,3.13491960287,5.22669648647,186.176749099,0.94148,5.3658
8400,3.11474068165,5.22395596981,185.667227112,0.94148,5.30487
8500,3.12031040907,5.23194936752,187.157286485,0.94148,5.18757
8600,3.23333867073,5.23327896118,187.40629513,0.94148,5.37052
8700,3.15982068777,5.2372407341,188.15022899,0.932065,5.26288
8800,3.0829610157,5.22320649624,185.528126565,0.922745,5.31972
8900,3.09660444975,5.2261510849,186.075235693,0.922745,5.1984
9000,3.10828178167,5.22900062084,186.606219935,0.922745,5.28841
9100,3.36682154179,5.22765945435,186.356117677,0.922745,5.31762
9200,3.13814270973,5.22369062901,185.617968556,0.922745,5.32027
9300,2.99644168377,5.22107125759,185.132402372,0.922745,5.27349
9400,2.96261755466,5.21943207741,184.829185588,0.922745,5.21006
9500,3.07354253531,5.22744443893,186.316052547,0.922745,5.21308
9600,2.95308689356,5.21773129463,184.515098465,0.913517,5.14157
9700,2.75832700968,5.21116211414,183.306958071,0.913517,5.18785
9800,2.83130182028,5.22298076153,185.486251153,0.913517,5.3445
9900,2.86634156466,5.21816289902,184.594753179,0.913517,5.46496
10000,3.11563337564,5.22568477631,185.988487439,0.913517,5.12534
