step,step-time,batch-loss,batch-perplexity,learnrate,val-loss
100,0.626500878334,7.61706740379,2032.59260763,1.0,6.26618
200,0.562215492725,6.11405502319,452.16855662,1.0,5.98602
300,0.567381131649,5.85149845123,347.755084291,1.0,5.74117
400,0.588351528645,5.69525370121,297.45224801,1.0,5.61816
500,0.588837451935,5.62253129959,276.588626542,1.0,5.91502
600,0.590287611485,5.54017803192,254.723344308,1.0,5.47009
700,0.623164155483,5.49137634277,242.590865376,1.0,5.41753
800,0.583608446121,5.44153113365,230.795291501,1.0,5.37127
900,0.588946008682,5.37341632366,215.598164093,1.0,5.47915
1000,0.599113128185,5.34057258129,208.632134953,1.0,5.36121
1100,0.601263964176,5.32720249653,205.861270249,1.0,5.38152
1200,0.653834571838,5.27642539501,195.66918371,1.0,5.20215
1300,0.735279233456,5.25415864468,191.360416001,1.0,5.27631
1400,0.818062832355,5.25468375206,191.460927155,1.0,5.34878
1500,0.819956877232,5.21147721767,183.364727842,1.0,5.28033
1600,0.878784613609,5.20229598045,181.688917556,1.0,5.18779
1700,0.838970901966,5.18391101837,178.379092429,1.0,5.17544
1800,0.716826481819,5.10854156017,165.428910739,1.0,5.02044
1900,0.686138632298,5.01294244766,150.346472564,1.0,4.8637
2000,0.667743079662,5.00440157413,149.067850404,1.0,4.92972
2100,0.617385659218,4.96608961105,143.464785956,1.0,4.99688
2200,0.608349452019,4.88066029549,131.71760772,1.0,4.84193
2300,0.621062884331,4.83328784466,125.623312346,1.0,4.76471
2400,0.648432300091,4.78699851513,119.940827276,1.0,4.84148
2500,0.637631628513,4.72067221642,112.243679357,1.0,4.58669
2600,0.645623233318,4.712690835,111.351385347,1.0,4.9344
2700,0.614747083187,4.68530864239,108.343706609,1.0,4.67501
2800,0.612386696339,4.66992607594,106.689855193,1.0,4.37111
2900,0.618139288425,4.62990810871,102.504644394,1.0,4.52904
3000,0.611414170265,4.6376822567,103.304636267,1.0,4.83281
3100,0.61861109972,4.62081258297,101.576537968,1.0,4.57682
3200,0.614735136032,4.6226899004,101.76740848,1.0,4.57631
3300,0.602610332966,4.58582489967,98.0840632919,1.0,4.49207
3400,0.60648758173,4.57146930695,96.6860669677,1.0,4.5726
3500,0.604850859642,4.57544387341,97.0711168629,1.0,4.76592
3600,0.634258861542,4.54651339054,94.3030365939,1.0,4.6045
3700,0.63999209404,4.55781434536,95.3747954929,1.0,4.65492
3800,0.623167796135,4.51826565266,91.6764611919,1.0,4.42334
3900,0.656317381859,4.51131821156,91.0417517336,1.0,4.34499
4000,0.651583147049,4.49308591843,89.3968921745,1.0,4.5572
4100,0.660460851192,4.46804283619,87.185918797,1.0,4.66789
4200,0.681684799194,4.44545181751,85.2383813318,1.0,4.35358
4300,0.72811719656,4.45052493572,85.6719044435,1.0,4.59213
4400,0.717059342861,4.39609024525,81.1330374699,1.0,4.44669
4500,0.694432578087,4.37876219034,79.7392702539,1.0,4.44125
4600,0.685144271851,4.3661825943,78.7424652922,1.0,4.33886
4700,0.704847042561,4.38444239616,80.1934945434,1.0,4.57998
4800,0.682175972462,4.33721580267,76.4942674453,1.0,4.39756
4900,0.683727059364,4.34251914978,76.9010207211,1.0,4.41311
5000,0.699141657352,4.33919400454,76.6457383185,1.0,4.28474
