step,step-time,batch-loss,batch-perplexity,learnrate,val-loss
100,1.24769622564,13.1952045012,537779.821227,1.0,6.5092
200,1.43126004696,6.15107726097,469.222589799,1.0,5.96946
300,1.31871737242,5.90530466557,366.979014627,1.0,5.80841
400,1.35098358154,5.79573671818,328.894397231,1.0,5.8503
500,1.31681595802,5.70149824142,299.315512093,1.0,5.6394
600,1.30503418922,5.65061992168,284.467758907,1.0,5.44925
700,1.30156886101,5.58268933773,265.785432287,1.0,5.86401
800,1.30005195618,5.57730221272,264.357462715,1.0,5.49504
900,1.29921392441,5.53151576996,252.526392993,1.0,5.73287
1000,1.31813270092,5.51077218533,247.342047245,1.0,5.50848
1100,1.29166497469,5.48032170296,239.923879182,1.0,5.52831
1200,1.32854400158,5.4558789587,234.130571758,1.0,5.52672
1300,1.23037749767,5.45961126328,235.006051124,1.0,5.43742
1400,1.24350633144,5.43470171452,229.224463747,1.0,5.39037
1500,1.30846417665,5.42651839256,227.356300477,1.0,5.41024
1600,1.23448464394,5.42602757931,227.244738371,1.0,5.45717
1700,1.27523597717,5.40119664192,221.671518989,1.0,5.33879
1800,1.27628447533,5.38992613792,219.187195335,1.0,5.36776
1900,1.26656898499,5.39005204678,219.21479468,1.0,5.33587
2000,1.26935301304,5.37158326149,215.203321251,1.0,5.33982
2100,1.24235418081,5.37596567631,216.148501047,1.0,5.55314
2200,1.27337978601,5.36238733292,213.233398397,1.0,5.27445
2300,1.30140459061,5.34853743076,210.300493796,1.0,5.33862
2400,1.29860418558,5.34037724495,208.591385495,1.0,5.3233
2500,1.26176338911,5.33615344524,207.712195331,1.0,5.33996
2600,1.28815862417,5.33726357937,207.942911767,1.0,5.37079
2700,1.25457576513,5.3307332468,206.58939965,1.0,5.30898
2800,1.25289759398,5.32345861912,205.09199183,1.0,5.46426
2900,1.27787903547,5.32142595291,204.675531674,1.0,5.30229
3000,1.22671925783,5.32209703922,204.812932721,1.0,5.36234
3100,1.20630751371,5.31591331005,203.550332825,1.0,5.29948
3200,1.21208791733,5.30409487247,201.15884558,1.0,5.30266
3300,1.2505085206,5.31427205563,203.216528944,1.0,5.28254
3400,1.22227181673,5.32421197414,205.246557127,1.0,5.34319
3500,1.1894399929,5.30883799076,202.115232114,0.99,5.30504
3600,1.18892745256,5.2960928297,199.555587121,0.99,5.34402
3700,1.19711928129,5.29098630428,198.539148885,0.99,5.23001
3800,1.22659236431,5.28535887241,197.42502113,0.99,5.27226
3900,1.17989697218,5.29142530918,198.626327678,0.99,5.37961
4000,1.18103479624,5.28690349102,197.730203126,0.99,5.34149
4100,1.15936502934,5.28465363979,197.285839649,0.99,5.26517
4200,1.18946199417,5.28067258835,196.501995868,0.99,5.35616
4300,1.17198683977,5.2762823534,195.641196876,0.99,5.25771
4400,1.17500533819,5.28574602127,197.501468799,0.99,5.3789
4500,1.20889599323,5.27580243587,195.547327764,0.9801,5.3467
4600,1.19510247469,5.2658791399,193.616449934,0.9801,5.27542
4700,1.1724194479,5.27000021935,194.41600509,0.9801,5.3241
4800,1.17790307999,5.27178872585,194.76403051,0.9801,5.18837
4900,1.19129501104,5.27509110928,195.408279208,0.9801,5.27764
5000,1.20743890047,5.27570259571,195.527805261,0.970299,5.27169
5100,1.1927901721,5.26271544933,193.004875324,0.960596,5.22562
