step,step-time,batch-loss,batch-perplexity,learnrate,val-loss
100,1.3694007802,8.03492440701,3086.90548523,1.0,6.40902
200,1.3685623312,6.12175597191,455.664125809,1.0,5.75739
300,1.35429500103,5.8492773819,346.983553266,1.0,5.68524
400,1.30838317156,5.72133699894,305.312853156,1.0,5.56432
500,1.32656415462,5.59662110806,269.514207796,1.0,5.37636
600,1.22343550444,5.49399450779,243.226840473,1.0,5.46315
700,1.27765063047,5.43191741943,228.587122884,1.0,5.44603
800,1.29126375198,5.35942607403,212.602893106,1.0,5.27385
900,1.24119618654,5.30510302544,201.361746727,1.0,5.2249
1000,1.30141398191,5.26140902042,192.75289281,1.0,5.20016
1100,1.36836372614,5.22270171642,185.434499344,1.0,5.34638
1200,1.42848644495,5.18747789383,179.016484509,1.0,5.32164
1300,1.46637493849,5.16792921543,175.550932667,1.0,5.09464
1400,1.38803249121,5.12380421638,167.973161957,1.0,5.42597
1500,1.27931902885,5.11402267933,166.338135819,1.0,5.17552
1600,1.29879772425,5.12572565079,168.296221639,1.0,4.97539
1700,1.21727083206,5.06804480076,158.863413867,1.0,5.04012
1800,1.28173928976,5.03404451847,153.552805627,1.0,5.04427
1900,1.24993299246,4.97286610603,144.440275826,1.0,5.0004
2000,1.25488378286,4.88691658497,132.544254378,1.0,4.91061
2100,1.22931194544,4.85812559128,128.782584533,1.0,4.81311
2200,1.26566478252,4.82693318367,124.827549862,1.0,4.8937
2300,1.22468226433,4.79063808441,120.378155587,1.0,4.81309
2400,1.30063767433,4.75194810867,115.809674745,1.0,4.61194
2500,1.2158357954,4.6972763443,109.64812165,1.0,4.55572
2600,1.24205146313,4.69913626194,109.852247896,1.0,4.82363
2700,1.29156311274,4.63580676079,103.111070417,1.0,4.80755
2800,1.2392898345,4.59600605965,99.0877736289,1.0,4.78474
2900,1.27490485668,4.56432750225,95.9980138557,1.0,4.66608
3000,1.2102352643,4.53333110809,93.0680650851,1.0,4.54056
3100,1.25947363853,4.49814838409,89.8506083643,1.0,4.40055
3200,1.4566528511,4.48791000843,88.9353773167,1.0,4.63116
3300,1.49202647924,4.46948583126,87.3118184625,1.0,4.19467
3400,1.50763238192,4.43307908058,84.1902467808,1.0,4.35098
3500,1.6338651371,4.40948983192,82.2275029547,1.0,4.43306
3600,1.64576318502,4.39149199247,80.7608236778,1.0,4.0331
3700,1.62138777971,4.31705071211,74.9672020664,1.0,4.3863
3800,1.64213944197,4.34285166025,76.9265953675,1.0,4.33572
3900,1.68211061954,4.2799826932,72.239189767,1.0,4.48095
4000,1.33817273617,4.27421386719,71.8236541789,1.0,4.2677
4100,1.29667628527,4.26000275612,70.8101786153,1.0,4.2592
4200,1.68647108078,4.23630017519,69.1515294129,1.0,4.32054
4300,1.47029095888,4.21528375387,67.7133770781,1.0,4.32585
4400,1.319392519,4.17720353365,65.1833151547,1.0,4.17285
4500,1.24951386452,4.18202287912,65.4982142639,1.0,4.30499
4600,1.24773336649,4.12522905827,61.8819822066,1.0,4.06489
4700,1.23046082973,4.1465305233,63.214298857,1.0,4.31066
4800,1.22606853724,4.10732090235,60.783653891,1.0,3.87432
4900,1.47132425785,4.07284692049,58.7239071347,1.0,4.04188
5000,1.56215096712,4.06314635277,58.1570059737,1.0,4.22863
5100,1.57261577606,4.05593826532,57.7393123836,1.0,3.77377
