step,step-time,batch-loss,batch-perplexity,learnrate,val-loss
100,1.21857689381,8.74503240108,6279.41687646,1.0,7.23149
200,1.24347141743,6.8619592905,955.236821631,1.0,6.42476
300,1.18642421722,6.49787238121,663.72796961,1.0,6.27084
400,1.21460608006,6.21501163006,500.201806533,1.0,6.35684
500,1.16814899921,6.02075279236,411.888545598,1.0,5.82238
600,1.16877508402,5.88557796478,359.810665805,1.0,5.75363
700,1.18033376932,5.73222015858,308.653768558,1.0,5.91244
800,1.13777947903,5.6405290556,281.611667299,1.0,5.50981
900,1.17039196014,5.56490763187,261.101085178,1.0,5.51982
1000,1.16785930872,5.47131672859,237.773069328,1.0,5.30541
1100,1.1344682622,5.44799256325,232.291387282,1.0,5.23459
1200,1.16848205566,5.3812809515,217.300448559,1.0,5.34523
1300,1.18392365932,5.33912571907,208.33049127,1.0,5.33767
1400,1.16944864273,5.29979571819,200.295888989,1.0,5.41602
1500,1.18457872152,5.29157639503,198.656339574,1.0,5.17041
1600,1.16630113363,5.23915141106,188.510066955,1.0,5.1866
1700,1.18591649771,5.2342979908,187.597365031,1.0,5.16005
1800,1.15173092365,5.18249541759,178.126757492,1.0,5.24777
1900,1.17234336376,5.14221662998,171.094601723,1.0,5.10808
2000,1.16818620682,5.14566333294,171.685331443,1.0,5.34794
2100,1.1709400034,5.1229257822,167.825673379,1.0,5.31281
2200,1.15151022196,5.11451388836,166.419862685,1.0,4.95072
2300,1.18477896214,5.09948871613,163.938066979,1.0,5.11572
2400,1.19305697203,4.95828620911,142.349629233,1.0,4.79139
2500,1.1703136158,4.90975988865,135.606849755,1.0,5.00152
2600,1.16924129963,4.88229413033,131.932988437,1.0,4.85301
2700,1.18544957638,4.83806626797,126.225030196,1.0,4.54675
2800,1.18862605333,4.76271448135,117.063261043,1.0,4.75051
2900,1.17304045439,4.75515535831,116.181701556,1.0,4.57237
3000,1.19267933607,4.7037469101,110.35990738,1.0,4.52947
3100,1.15508931398,4.71516643524,111.627388359,1.0,4.61609
3200,1.17572796345,4.68190346718,107.975404727,1.0,4.64391
3300,1.16638233185,4.659775424,105.612361492,1.0,4.84257
3400,1.15223217487,4.65989273548,105.624751761,1.0,4.50629
3500,1.16729515076,4.64571691513,104.137997136,1.0,4.66035
3600,1.15190619707,4.61995432854,101.489396854,1.0,4.70141
3700,1.15029450655,4.59723787308,99.2099064862,1.0,4.64823
3800,1.15639994144,4.60483585358,99.9665723471,1.0,4.56958
3900,1.15224751234,4.58630066395,98.1307392877,1.0,4.62361
4000,1.14942294836,4.55360580444,94.9742502104,1.0,4.37126
4100,1.15033919334,4.54074124813,93.7602739954,1.0,4.43412
4200,1.13191937208,4.53801618099,93.5051187693,1.0,4.49023
4300,1.16510314465,4.49326628685,89.4130180053,1.0,4.58297
4400,1.15142417669,4.47798526287,88.0570819639,1.0,4.53454
4500,1.13067726374,4.47697042942,87.9677640207,1.0,4.56679
4600,1.15087603331,4.46378034592,86.8150805748,1.0,4.64297
4700,1.13122283459,4.45450432777,86.0135057712,1.0,4.46983
4800,1.15145811081,4.45073002338,85.6894764959,1.0,4.44188
4900,1.14977485418,4.4226684761,83.3183219281,1.0,4.68156
5000,1.13176562548,4.40615227222,81.9535212241,1.0,4.43989
5100,1.13504444122,4.42608184338,83.6032038881,1.0,4.40228
5200,1.13103841543,4.3925135231,80.843365485,1.0,4.16328
5300,1.16788369179,4.33585741043,76.3904287689,1.0,4.49118
5400,1.13175230265,4.32958621502,75.9128684646,1.0,4.257
5500,1.15013812304,4.33111636639,76.0291155593,1.0,4.15085
5600,1.16598855257,4.3016103363,73.8185707628,1.0,4.48392
5700,1.14897162199,4.30763613462,74.2647294637,1.0,4.31659
5800,1.14857130289,4.27237667799,71.691821675,1.0,4.40653
5900,1.14078611851,4.28961179256,72.9381478715,1.0,4.59713
6000,1.14914665937,4.25712969303,70.6070284762,1.0,4.26148
6100,1.13615164757,4.22342041731,68.2665856213,1.0,4.29294
6200,1.14853450775,4.22524452925,68.3912251588,1.0,4.20078
6300,1.14861972094,4.19686235189,66.4774207156,1.0,4.19363
6400,1.13181697607,4.2210825181,68.1071716444,1.0,4.11387
6500,1.13228576422,4.22458906412,68.3464117842,1.0,4.27323
6600,1.14942653894,4.22302303553,68.2394631132,1.0,4.18207
6700,1.15383548021,4.1976006937,66.5265218991,1.0,4.43235
6800,1.1497726202,4.19867916107,66.5983072843,1.0,4.29211
6900,1.14688523054,4.15951937437,64.0407355832,1.0,3.97564
7000,1.14772698402,4.16500694513,64.3931296608,1.0,4.36421
7100,1.13563055515,4.15987264156,64.0633630706,1.0,3.97982
7200,1.13794000149,4.14087689161,62.8579168694,1.0,4.30283
7300,1.13353032112,4.10826424122,60.8410205282,1.0,4.26364
7400,1.11740428686,4.14356833696,63.0273233895,1.0,4.25286
7500,1.13195905924,4.12630793333,61.9487811616,1.0,4.23832
7600,1.1495332098,4.12315555573,61.7538026955,1.0,4.06897
7700,1.12894840956,4.11440165043,61.2155749893,1.0,3.88944
7800,1.1500816679,4.12363678455,61.7835275573,1.0,4.1174
7900,1.11490763664,4.08258786201,59.2987283851,1.0,4.19668
8000,1.13245633841,4.09719866991,60.1714910719,1.0,4.21506
8100,1.11501160383,4.08082984447,59.1945717619,1.0,4.22839
8200,1.14742058992,4.06396078348,58.2043901185,1.0,4.1371
8300,1.12958301783,4.05854019642,57.8897417144,1.0,4.33809
8400,1.16717958212,4.07115417004,58.6245863007,1.0,4.01477
8500,1.13030790091,4.05234097719,57.5319805801,1.0,4.23232
8600,1.11481208324,4.02710113049,56.0980543711,1.0,4.03686
8700,1.13094254971,4.04735951424,57.2460997935,1.0,3.97797
8800,1.14776301384,4.02364109755,55.9042886663,1.0,4.04824
8900,1.13799271345,4.02334256411,55.8876018576,1.0,3.92334
9000,1.11386482716,4.00070582151,54.6367001852,1.0,4.10622
9100,1.15090220928,4.01043984652,55.1711320576,1.0,4.15201
9200,1.13859775782,3.99084606171,54.1006424875,1.0,4.35856
9300,1.14844243526,4.01937114477,55.6660889066,1.0,4.0718
9400,1.11618410587,3.97341167212,53.165605394,0.99,4.19715
9500,1.14594980717,3.99121141434,54.1204119108,0.99,4.06282
9600,1.14059068203,3.9915555644,54.1390406595,0.99,4.06982
9700,1.13238801479,3.98713853598,53.9004343313,0.99,3.92459
9800,1.14974250555,3.98397402763,53.7301355552,0.99,4.04695
9900,1.13379578829,3.95846245289,52.3767323132,0.99,4.17727
10000,1.13744392157,3.97189656258,53.0851146696,0.99,3.94357
10100,1.13340244055,3.94823084831,51.8435665212,0.99,4.07836
10200,1.14779016256,3.93152626038,50.9847342954,0.99,3.79966
10300,1.14911974669,3.95075406313,51.9745441493,0.99,4.10221
10400,1.15031894684,3.94808461905,51.8359860288,0.99,4.21943
10500,1.13036495447,3.93762858629,51.2968109893,0.99,4.20184
10600,1.13141368866,3.92905055046,50.8586670006,0.99,4.1442
10700,1.13035645962,3.9293702364,50.8749284003,0.99,3.95428
10800,1.13003320456,3.93388674259,51.1052250061,0.99,4.08444
10900,1.15025953531,3.91283444166,50.0405882769,0.99,3.90833
11000,1.1491028595,3.88641038895,48.735630204,0.99,3.91895
11100,1.15020242691,3.89676398993,49.2428406691,0.99,3.90869
11200,1.14911076307,3.90604317188,49.7019005037,0.99,3.89425
11300,1.13130707979,3.88807278395,48.8167154512,0.99,4.00277
11400,1.13298368692,3.87330347776,48.1010245723,0.99,4.14274
11500,1.16735147715,3.88852087259,48.8385945687,0.99,4.08159
11600,1.13395236254,3.86448462725,47.6786938,0.99,3.91295
11700,1.15102665901,3.86940796137,47.9140107367,0.99,3.8073
11800,1.1473588872,3.90208818436,49.505718312,0.99,3.83367
11900,1.11408680439,3.88895077467,48.8595948956,0.9801,3.89456
12000,1.13193598747,3.84302012205,46.6661994475,0.9801,3.85541
12100,1.08616031885,3.85102272987,47.0411490264,0.9801,3.92397
12200,1.11589199066,3.8503968215,47.0117147898,0.9801,3.75351
12300,1.11402407646,3.84052997828,46.5501384656,0.9801,3.78822
12400,1.11793890715,3.84669986486,46.8382353894,0.9801,3.85315
12500,1.13941453934,3.84406236887,46.7148625004,0.9801,3.98704
12600,1.11197260141,3.86616387367,47.7588253376,0.9801,3.95306
12700,1.13090067387,3.8231022501,45.7459036542,0.970299,3.93152
12800,1.13603251457,3.80185280323,44.7840837666,0.970299,3.91154
12900,1.13189557552,3.82070510864,45.6363755816,0.970299,3.96201
13000,1.14504587412,3.80098427534,44.7452044272,0.970299,3.93301
13100,1.12953465223,3.80266901255,44.8206518746,0.970299,3.80881
13200,1.1152269125,3.82663346291,45.9077277245,0.970299,3.82233
13300,1.13259142399,3.82460649014,45.8147682554,0.960596,3.92364
13400,1.13465024471,3.81230479956,45.2546215918,0.960596,3.97312
13500,1.13415355206,3.78304225922,43.9495444644,0.960596,3.95049
13600,1.13057033777,3.81500496864,45.3769818444,0.960596,3.75004
13700,1.13373331547,3.80361212254,44.8629426184,0.960596,3.87277
13800,1.14904367685,3.80925401449,45.1167698531,0.960596,3.84957
13900,1.13279173613,4.42891998053,83.8408182785,0.960596,8.45838
14000,1.13048961878,4.78401587248,119.583619625,0.95099,4.09123
14100,1.11216838837,4.01347726107,55.3389644161,0.94148,4.06509
14200,1.15332641363,3.91413022995,50.105472314,0.94148,4.02841
14300,1.14809526443,3.87057350397,47.9698891154,0.94148,3.95389
14400,1.11354002714,3.83518365622,46.3019305245,0.94148,3.94645
14500,1.12876266241,3.81950447321,45.5816158119,0.94148,3.70515
14600,1.11444950342,3.81515441656,45.3837638466,0.94148,3.96044
14700,1.1131134963,3.78941085339,44.2303344467,0.94148,3.98528
14800,1.13406593084,3.75790254354,42.8584379314,0.94148,3.94502
14900,1.13372799635,3.79299730301,44.3892491124,0.94148,3.81353
15000,1.1146340394,3.76944006681,43.3557816971,0.94148,3.88567
15100,1.1276734972,3.74808840513,42.4398765586,0.94148,3.7928
15200,1.1153007412,3.74398338318,42.2660170264,0.94148,3.79966
15300,1.130658319,3.74206197262,42.1848846242,0.94148,3.65736
15400,1.15164368391,3.76756588697,43.2746012622,0.94148,3.77803
15500,1.11481264353,3.75127432346,42.5753021522,0.932065,4.02114
15600,1.11872532606,3.73420076132,41.8545604079,0.932065,3.94045
15700,1.12556286097,3.74293988466,42.2219355038,0.932065,3.89193
15800,1.13443129063,3.72256719112,41.3704637872,0.932065,3.79944
15900,1.12910089493,3.71310506821,40.9808575317,0.932065,3.79146
16000,1.11988130331,3.73742120743,41.9895680398,0.932065,3.60372
16100,1.1328635931,3.74346848726,42.2442600286,0.932065,3.90551
16200,1.13442778826,3.74893531322,42.4758344579,0.922745,3.98485
16300,1.1140617013,3.71832805872,41.1954601076,0.913517,4.02991
16400,1.1321427846,3.71581707716,41.0921488275,0.913517,3.82488
16500,1.13130564451,3.69626181126,40.2963869568,0.913517,3.9427
16600,1.13038415194,3.70469560385,40.6376754819,0.913517,3.85778
16700,1.13776660681,3.70245149612,40.5465824101,0.913517,3.72783
16800,1.1147327733,3.68743885756,39.9424176241,0.913517,3.89196
16900,1.11240266562,3.71702177286,41.1416821929,0.913517,3.59991
17000,1.13136253834,3.69963344574,40.4324809453,0.904382,3.84208
17100,1.14282471657,3.67238893509,39.3457882103,0.904382,3.69843
17200,1.11767922401,3.68928688765,40.0163006618,0.904382,3.86819
17300,1.11403999329,3.70203655005,40.5297612549,0.904382,3.86708
