step,step-time,batch-loss,batch-perplexity,learnrate,val-loss
100,2.99063826084,8.34321263313,4201.56617316,1.0,6.40044
200,3.36180241108,6.0988582468,445.349001048,1.0,5.81116
300,2.92603105545,5.84270570278,344.710764894,1.0,5.73081
400,2.95201146126,5.63355932713,279.655734522,1.0,5.91332
500,2.75687623262,5.51783147335,249.09428349,1.0,5.68624
600,3.02197638273,5.39855725288,221.087213056,1.0,5.23215
700,3.15180822849,5.33558449268,207.594050558,1.0,5.22683
800,2.83543919563,5.25362045765,191.257456016,1.0,5.24604
900,3.01099001169,5.19680565357,180.69411939,1.0,5.23868
1000,2.81432752609,5.18677125931,178.890029965,1.0,5.02469
1100,2.84539172411,5.10394734383,164.670637702,1.0,5.00288
1200,2.90721834183,5.09606557369,163.377843035,1.0,4.95854
1300,2.75835559845,5.04394639015,155.080818413,1.0,5.05111
1400,2.77554901361,5.00615823269,149.329941854,1.0,4.96989
1500,2.75358685493,4.98083745956,145.596261594,1.0,4.98099
1600,2.71837215662,4.95543764114,141.944713628,1.0,4.95153
1700,2.744993999,4.93227424145,138.694578895,1.0,4.94329
1800,2.75665340185,4.90667700291,135.189433086,1.0,4.75932
1900,2.69572412252,4.86083529472,129.132020366,1.0,4.98964
2000,2.68043662548,4.82164135933,124.168729114,1.0,4.85252
2100,2.72511312962,4.82778038979,124.933349336,1.0,4.70672
2200,2.70329033613,4.78901805878,120.183297769,1.0,4.8132
2300,2.69397424221,4.76565179825,117.407618433,1.0,4.89268
2400,2.71266000748,4.76860940933,117.755378523,1.0,4.70282
2500,2.69412374973,4.72771830559,113.037351189,1.0,4.88511
2600,2.69703370333,4.70196166039,110.163063148,1.0,4.41209
2700,2.69639680147,4.69910817623,109.849162661,1.0,4.70303
2800,2.69103006601,4.6803474474,107.807523508,1.0,4.77159
2900,2.87348342896,4.68574697495,108.391207592,1.0,4.63967
3000,2.92896107912,4.63540317059,103.069464196,1.0,4.65911
3100,2.89866255045,4.63264188766,102.785252819,1.0,4.59716
3200,2.97190843821,4.58912116528,98.4079078615,1.0,4.63543
3300,3.03519788742,4.57450447083,96.9799708234,1.0,4.56636
3400,3.18279909372,4.57358542442,96.8908826745,1.0,4.69497
3500,3.78106102705,4.46617924213,87.0235909406,1.0,4.68314
3600,3.56867872,4.41867970467,82.9866461145,1.0,4.52912
3700,2.92081763983,4.35072881699,77.5349511274,1.0,4.50034
3800,3.26036911011,4.32343975782,75.4477042884,1.0,4.288
3900,3.13482804298,4.30325519085,73.940091489,1.0,4.20915
4000,3.20078108788,4.24790309191,69.9585617601,1.0,4.09703
4100,3.56031344414,4.21893694639,67.9611994766,1.0,4.01326
4200,2.99455075264,4.16835292816,64.6089488421,1.0,4.13801
4300,3.24040673733,4.08863210201,59.658229492,1.0,4.52686
4400,2.98000366688,4.04406042099,57.0575507637,1.0,4.14209
4500,2.78923848629,4.01027829647,55.1622198786,1.0,4.05159
4600,2.74679849625,3.96995385885,52.982086129,1.0,4.09153
4700,2.72034074068,3.92947390556,50.8802028351,1.0,3.85867
4800,2.71937680006,3.88525754929,48.67947821,1.0,3.75926
4900,2.71004729271,3.88161933184,48.5026934686,1.0,3.91808
5000,2.69276369333,3.80507576466,44.9286539881,1.0,3.64449
5100,2.71714197397,3.83267244101,46.1858022848,1.0,3.93129
5200,2.73243003845,3.78932230949,44.2264182941,1.0,3.55549
5300,2.69946272373,3.77045241833,43.3996952125,1.0,3.71078
5400,2.74412507296,3.73777171135,42.0042881277,1.0,3.94679
5500,2.71353423357,3.71538299084,41.0743151587,1.0,3.67103
5600,2.68484320879,3.69171868801,40.1137307336,1.0,3.88525
5700,2.69327165842,3.68909021616,40.0084313703,1.0,3.91131
5800,2.7195117116,3.67869893551,39.5948450986,1.0,3.77008
5900,2.6924411726,3.61499887705,37.1513042065,1.0,3.70855
6000,2.69808766603,3.64115451813,38.1358398377,1.0,3.72478
6100,2.69163820505,3.5937532711,36.3703277717,1.0,3.95336
