step,step-time,batch-loss,batch-perplexity,learnrate,val-loss,E-1,step,step-time,batch-loss,batch-perplexity,learnrate,val-loss,E-3,step,step-time,batch-loss,batch-perplexity,learnrate,val-loss,E-7
100,3.1746175098,19.4696312332,285465355.579,1,6.73149,838.3955451174,100,2.8236773682,10.4769306803,35487.3182865,1,8.15945,3496.263130135,100,2.9906382608,8.3432126331,4201.56617316,1,6.40044,602.1099079559
200,3.0868669152,6.1432732344,465.57501562,1,5.90485,366.8121998306,200,2.6939699078,7.6961640406,2199.89308528,1,7.52324,1850.5533843156,200,3.3618024111,6.0988582468,445.349001048,1,5.81116,334.0063484061
300,3.0907545924,5.9533495998,385.040914411,1,5.7733,321.5972544145,300,2.6374603486,7.1435555029,1265.92138408,1,7.01732,1115.7922838106,300,2.9260310555,5.8427057028,344.710764894,1,5.73081,308.2188245414
400,3.1004180336,5.7735198832,321.667976009,1,5.80249,331.1230306094,400,2.599091537,6.7252203894,833.155574943,1,6.69358,807.2068862208,400,2.9520114613,5.6335593271,279.655734522,1,5.91332,369.9322941093
500,3.0612534142,5.7058018589,300.606427373,1,5.78844,326.5032817606,500,2.5971269107,6.4171397257,612.249406028,1,6.23425,509.9180364706,500,2.7568762326,5.5178314734,249.09428349,1,5.68624,294.7831496207
600,3.0854217887,5.636367774,280.442236706,1,5.75548,315.917151369,600,2.5863691378,6.173799057,480.006217531,1,6.042,420.7336613027,600,3.0219763827,5.3985572529,221.087213056,1,5.23215,187.1948400822
700,3.1053586435,5.6240328646,277.004254305,1,5.5879,267.1739648563,700,2.6073598719,5.9654572725,389.731200703,1,5.887,360.3226932178,700,3.1518082285,5.3355844927,207.594050558,1,5.22683,186.2016078732
800,3.0767904711,5.5649831486,261.120803415,1,5.49018,242.30081708,800,2.6056066561,5.808298645,333.052003688,1,5.97368,392.9490658363,800,2.8354391956,5.2536204577,191.257456016,1,5.24604,189.8131182572
900,3.0874801183,5.535183835,253.454377147,1,5.44462,231.509289465,900,2.6067324162,5.6966427136,297.86569993,1,5.4837,240.735783969,900,3.0109900117,5.1968056536,180.69411939,1,5.23868,188.4212221676
1000,3.1182908058,5.5068216467,246.366840495,1,5.43734,229.8300217886,1000,2.6276418424,5.572376585,263.058537908,1,5.60453,271.654217943,1000,2.8143275261,5.1867712593,178.890029965,1,5.02469,152.1230906443
1100,3.0683105588,5.4860007525,241.290295065,1,5.4298,228.1036201376,1100,2.6136662722,5.5067352819,246.345564004,1,5.4468,232.0145302284,1100,2.8453917241,5.1039473438,164.670637702,1,5.00288,148.8412050912
1200,3.058209157,5.459929843,235.080931202,1,5.43542,229.3891714985,1200,2.6174623895,5.4352416277,229.348258472,1,5.38804,218.7741676892,1200,2.9072183418,5.0960655737,163.377843035,1,4.95854,142.3857608575
1300,3.0738546515,5.4650864983,236.296293443,1,5.37717,216.4089706211,1300,2.6531244922,5.3882125473,218.811919839,1,5.20285,181.7896046563,1300,2.7583555985,5.0439463902,155.080818413,1,5.05111,156.1957455752
1400,3.0927559137,5.4478043938,232.247681245,1,5.32828,206.0832060288,1400,2.6212622976,5.3096305466,202.27548321,1,5.22208,185.3192475007,1400,2.7755490136,5.0061582327,149.329941854,1,4.96989,144.0110452846
1500,3.1068781328,5.4298433113,228.113499818,1,5.39555,220.4233466042,1500,2.6012258101,5.2577592993,192.05068072,1,5.31567,203.500813008,1500,2.7535868549,4.9808374596,145.596261594,1,4.98099,145.6184726047
1600,3.1000842071,5.4182947111,225.494261587,1,5.27958,196.2874173216,1600,2.6270370865,5.2103009749,183.149173193,1,5.13416,169.7216937573,1600,2.7183721566,4.9554376411,141.944713628,1,4.95153,141.3911269388
1700,3.1027380633,5.4049256134,222.499668875,1,5.36952,214.7597582761,1700,2.633803134,5.174581337,176.722611563,1,5.17518,176.8284405313,1700,2.744993999,4.9322742415,138.694578895,1,4.94329,140.2308509549
1800,3.0480862355,5.4070075035,222.963371256,1,5.47229,238.0045997106,1800,2.6235927916,5.3470077801,209.97905341,1,5.38521,218.155912039,1800,2.7566534019,4.9066770029,135.189433086,1,4.75932,116.6665656549
1900,3.0410868526,5.3865152264,218.440840795,1,5.43734,229.8300217886,1900,2.6375609016,5.2237900972,185.636432565,0.99,5.28027,196.4229023765,1900,2.6957241225,4.8608352947,129.132020366,1,4.98964,146.8835359036
2000,3.0822118783,5.3880919838,218.785540696,1,5.38389,217.8681362089,2000,2.6250119948,5.0886326265,162.167966207,0.99,5.02226,151.7538803063,2000,2.6804366255,4.8216413593,124.168729114,1,4.85252,128.0627015706
2100,3.0670692205,5.3712485933,215.131311602,1,5.19826,180.9571024251,2100,2.6736873055,4.9962809229,147.862224239,0.99,4.85245,128.0537374953,2100,2.7251131296,4.8277803898,124.933349336,1,4.70672,110.6885055404
2200,3.0601592135,5.3662832546,214.065759376,1,5.60129,270.7754825968,2200,2.6470244694,4.9611613321,142.759490849,0.99,4.98542,146.2649934246,2200,2.7032903361,4.7890180588,120.183297769,1,4.8132,123.12498775
2300,3.0698027659,5.367975874,214.428398035,1,5.42728,227.5295226815,2300,2.6395726442,4.9194311428,136.924700427,0.99,5.15744,173.7191648142,2300,2.6939742422,4.7656517983,117.407618433,1,4.89268,133.3103675194
2400,3.0485246468,5.3498833847,210.58373915,1,5.37611,216.1796986479,2400,2.6563616872,4.8751232147,130.990292149,0.99,4.84983,127.7186758255,2400,2.7126600075,4.7686094093,117.755378523,1,4.70282,110.2576610616
2500,3.027994504,5.340486126,208.614098369,1,5.45149,233.1052340764,2500,2.6385032511,4.7787106514,118.950881976,0.99,4.78239,119.3893498806,2500,2.6941237497,4.7277183056,113.037351189,1,4.88511,132.3050180859
2600,3.0657056642,5.3349034834,207.452725208,1,5.33698,207.8839518072,2600,2.6656422424,4.7549337244,116.155954604,0.99,4.7969,121.1343184791,2600,2.6970337033,4.7019616604,110.163063148,1,4.41209,82.4415864888
2700,3.0751116157,5.3464038324,209.852275344,1,5.43513,229.3226582836,2700,2.6253254819,4.7357259703,113.946150216,0.99,4.98247,145.8341475042,2700,2.6963968015,4.6991081762,109.849162661,1,4.70303,110.2808176018
2800,3.0565269685,5.3443627644,209.424389384,1,5.33662,207.8091270538,2800,2.6270645022,4.6825772047,108.048176321,0.99,4.51074,90.9891255568,2800,2.691030066,4.6803474474,107.807523508,1,4.77159,118.1068826902
2900,3.0852849531,5.3397399616,208.458496032,1,5.30453,201.2463943772,2900,2.6565519905,4.6253027439,102.033658476,0.99,4.71422,111.5217902436,2900,2.873483429,4.685746975,108.391207592,1,4.63967,103.5101835859
3000,3.0867075086,5.3311045456,206.666120287,1,5.30382,201.1035601493,3000,2.6610565496,4.6296900082,102.482290513,0.99,4.62983,102.4966382008,3000,2.9289610791,4.6354031706,103.069464196,1,4.65911,105.5421078683
3100,3.0542557764,5.3230768871,205.013716597,1,5.32484,205.3754977562,3100,2.6526467633,4.619628315,101.456315327,0.99,4.5398,93.6720638331,3100,2.8986625505,4.6326418877,102.785252819,1,4.59716,99.2021810063
3200,3.0646253109,5.3167681456,203.724409271,1,5.35315,211.2727599834,3200,2.636787405,4.5951450253,99.0024923681,0.99,4.43342,84.2189537639,3200,2.9719084382,4.5891211653,98.4079078615,1,4.63543,103.0722295263
3300,3.0835673547,5.3160742664,203.583098187,1,5.33863,208.2272434654,3300,2.6247666502,4.5354726982,93.2675923101,0.99,4.56089,95.6685869942,3300,3.0351978874,4.5745044708,96.9799708234,1,4.56636,96.1933280234
3400,3.1036094046,5.3210363913,204.595813465,1,5.28322,197.0032054647,3400,2.6356426144,4.55216784,94.83777876,0.99,4.32689,75.7084667279,3400,3.1827990937,4.5735854244,96.8908826745,1,4.69497,109.3955267268
3500,3.0695978022,5.3113873911,202.63116213,1,5.3159,203.547623578,3500,2.6470570326,4.5446464491,94.1271425888,0.99,4.50302,90.2893939467,3500,3.7810610271,4.4661792421,87.0235909406,1,4.68314,108.1090024407
3600,3.0825231814,5.3001564598,200.368157086,1,5.26761,193.9518631148,3600,2.6585781121,4.4947947693,89.5497887321,0.99,4.45841,86.3501032235,3600,3.56867872,4.4186797047,82.9866461145,1,4.52912,92.6769694539
3700,3.1005390692,5.3050828981,201.3576939,1,5.33175,206.7995569037,3700,2.670345242,4.4925864458,89.3522520239,0.99,4.56174,95.7499398632,3700,2.9208176398,4.350728817,77.5349511274,1,4.50034,90.0477423287
3800,3.1187942743,5.3085410833,202.055231508,1,5.20513,182.2045578217,3800,2.6340154648,4.4843720532,88.6212838805,0.99,4.68438,108.2431407523,3800,3.2603691101,4.3234397578,75.4477042884,1,4.288,72.8206813983
3900,3.0934657049,5.3065364885,201.65059834,1,5.31044,202.439282079,3900,2.6652860665,4.4774237537,88.0076509875,0.99,4.45579,86.1241620652,3900,3.134828043,4.3032551909,73.940091489,1,4.20915,67.2993110769
4000,3.0852826095,5.2923858309,198.817204232,1,5.2174,184.4539797283,4000,2.6755142236,4.455719533,86.1180933648,0.99,4.55273,94.8911077537,4000,3.2007810879,4.2479030919,69.9585617601,1,4.09703,60.1613428077
4100,3.1091221261,5.290658617,198.474100793,1,5.25108,190.7721912068,4100,2.6493337226,4.455126977,86.0670786879,0.99,4.53857,93.5569180238,4100,3.5603134441,4.2189369464,67.9611994766,1,4.01326,55.3269427196
4200,3.1003461099,5.2865024424,197.650919592,1,5.3838,217.848528959,4200,2.6783925939,4.4435100603,85.0730296793,0.99,4.63731,103.2661875812,4200,2.9945507526,4.1683529282,64.6089488421,1,4.13801,62.6779681048
4300,3.084686172,5.2935106516,199.040963762,1,5.15604,173.4761281488,4300,2.6777578449,4.4180439425,82.9339031084,0.99,4.39854,81.3320371648,4300,3.2404067373,4.088632102,59.658229492,1,4.52686,92.4677560032
4400,3.0904463697,5.2860167313,197.554941657,0.99,5.27294,194.9883864259,4400,2.6587258673,4.415215683,82.6996758955,0.99,4.2439,69.6790709945,4400,2.9800036669,4.044060421,57.0575507637,1,4.14209,62.9342166061
4500,3.0814015555,5.2732585478,195.050509438,0.99,5.30842,202.0307674679,4500,2.637614646,4.4083048916,82.1301259739,0.99,4.456,86.1422500384,4500,2.7892384863,4.0102782965,55.1622198786,1,4.05159,57.4887915939
4600,3.0769571662,5.2793536854,196.242999635,0.99,5.29854,200.0445316473,4600,2.6739444041,4.3677388334,78.8651027996,0.99,4.33206,76.1008930488,4600,2.7467984963,3.9699538589,52.982086129,1,4.09153,59.8313636967
4700,3.1132560182,5.2737662745,195.149566929,0.99,5.22772,186.3674010712,4700,2.6728873944,4.3890470266,80.5636074145,0.99,4.51457,91.3382821156,4700,2.7203407407,3.9294739056,50.8802028351,1,3.85867,47.4022644137
4800,3.1009640384,5.2678823519,194.004693462,0.99,5.33448,207.364891024,4800,2.6581378388,4.357987318,78.0997860995,0.99,4.44202,84.9463601304,4800,2.7193768001,3.8852575493,48.67947821,1,3.75926,42.9166558999
4900,3.0866345835,5.273382802,195.074746794,0.99,5.30062,200.4610573097,4900,2.6284911752,4.3593161964,78.203640208,0.99,4.49168,89.2712957464,4900,2.7100472927,3.8816193318,48.5026934686,1,3.91808,50.3037687628
5000,3.1177232122,5.2717205095,194.750744877,0.99,5.29549,199.4353253377,5000,2.6757236385,4.3727603293,79.2621195584,0.99,4.15042,63.4606481739,5000,2.6927636933,3.8050757647,44.9286539881,1,3.64449,38.2632536152
5100,3.0967218375,5.2670708609,193.847324258,0.99,5.26449,193.3476763234,5100,2.6754532099,4.344533,77.0560439024,0.99,4.37486,79.4287187532,5100,2.717141974,3.832672441,46.1858022848,1,3.93129,50.9726900458
5200,3.0922833824,5.2680402231,194.035323643,0.99,5.18638,178.8200512664,5200,2.6747153974,4.3358013964,76.3861499506,0.99,4.49274,89.3659734902,5200,2.7324300385,3.7893223095,44.2264182941,1,3.55549,35.0049682005
5300,3.0921979547,5.2648487806,193.417058171,0.99,5.33135,206.7168536227,5300,2.6584026575,4.2967442203,73.4602335933,0.99,4.46219,86.6771242941,5300,2.6994627237,3.7704524183,43.3996952125,1,3.71078,40.885684927
5400,3.0688097096,5.2533265209,191.201246686,0.99,5.24993,190.5529292867,5400,2.6744189692,4.2707979846,71.5787315608,0.99,4.43651,84.4795928109,5400,2.744125073,3.7377717114,42.0042881277,1,3.94679,51.7689215948
5500,3.060090487,5.2587119436,192.233723889,0.99,5.19074,179.6014088116,5500,2.6628894377,4.2842364836,72.5471346395,0.99,4.246,69.8255507936,5500,2.7135342336,3.7153829908,41.0743151587,1,3.67103,39.2923561517
5600,3.0469315839,5.2636623764,193.187723424,0.99,5.1752,176.8319771355,5600,2.6996516609,4.2688563919,71.4398896495,0.99,4.24403,69.6881298626,5600,2.6848432088,3.691718688,40.1137307336,1,3.88525,48.6791107161
5700,3.034300096,5.2522479916,190.995141693,0.99,5.24022,188.7116143943,5700,2.8103599644,4.2707513666,71.5753947824,0.99,4.26892,71.4444339492,5700,2.6932716584,3.6890902162,40.0084313703,1,3.91131,49.964362435
5800,3.072426846,5.2689525747,194.212432863,0.99,5.25453,191.4314919063,5800,2.9839441657,4.2371085763,69.2074541877,0.99,4.44415,85.1274887109,5800,2.7195117116,3.6786989355,39.5948450986,1,3.77008,43.3835353799
5900,3.0978007197,5.2658848429,193.617554126,0.9801,5.33266,206.9878301518,5900,2.8648727202,4.2023681188,66.8444393284,0.99,4.16718,64.5332116123,5900,2.6924411726,3.6149988771,37.1513042065,1,3.70855,40.7946114343
6000,3.046284194,5.2442221737,189.468384405,0.9801,5.23184,187.1368186755,6000,2.7941177893,4.2140664411,67.6309988668,0.99,4.3256,75.610865772,6000,2.698087666,3.6411545181,38.1358398377,1,3.72478,41.4621100772
6100,3.0373924112,5.2478133249,190.150017219,0.9801,5.25269,191.0795818177,6100,2.8052484775,4.1997660637,66.6707325113,0.99,4.36366,78.5440803258,6100,2.6916382051,3.5937532711,36.3703277717,1,3.95336,52.1101631608
6200,3.0930861378,5.2547641945,191.476329357,0.9801,5.29419,199.1762278646,,,,,,,,,,,,,,
6300,3.0692858958,5.2579056597,192.078791391,0.9801,5.19241,179.901593749,,,,,,,,,,,,,,
6400,3.0672010946,5.2585941267,192.211076837,0.970299,5.23174,187.1181059293,,,,,,,,,,,,,,
6500,3.0778324843,5.2472602511,190.044879288,0.960596,5.18238,178.1061997163,,,,,,,,,,,,,,
6600,3.077441988,5.2399454308,188.659807102,0.960596,5.26781,193.9906573667,,,,,,,,,,,,,,
6700,3.0459152174,5.2465861368,189.916810502,0.960596,5.32024,204.4329400114,,,,,,,,,,,,,,
6800,3.0709682488,5.2372024822,188.143032028,0.960596,5.28384,197.1253853239,,,,,,,,,,,,,,
6900,3.0501788306,5.2427746201,189.194317168,0.960596,5.32087,204.5617733418,,,,,,,,,,,,,,
7000,3.089629736,5.2481035519,190.205211885,0.960596,5.28733,197.81455482,,,,,,,,,,,,,,
7100,3.0884754992,5.2345383453,187.642460329,0.95099,5.33493,207.4582262238,,,,,,,,,,,,,,
7200,3.1063999438,5.246970911,189.989899653,0.95099,5.22754,186.333857958,,,,,,,,,,,,,,
7300,3.1004995394,5.2386695004,188.419243821,0.95099,5.21428,183.879380153,,,,,,,,,,,,,,
7400,3.0747694373,5.2394484377,188.566067782,0.95099,5.20292,181.802330374,,,,,,,,,,,,,,
7500,3.0934327555,5.2383366346,188.356535952,0.95099,5.33401,207.2674524251,,,,,,,,,,,,,,
7600,3.1079855847,5.2372443199,188.150903663,0.95099,5.32201,204.7951067382,,,,,,,,,,,,,,
7700,3.1037911558,5.2285959148,186.530714558,0.95099,5.30023,200.3828927404,,,,,,,,,,,,,,
7800,3.1366749573,5.2326747561,187.293097485,0.95099,5.22557,185.967141592,,,,,,,,,,,,,,
7900,3.1073946405,5.2350831747,187.744721307,0.95099,5.23917,188.5135711901,,,,,,,,,,,,,,
8000,3.1260195208,5.2368144608,188.070042654,0.95099,5.25509,191.5387235638,,,,,,,,,,,,,,
8100,3.1305228758,5.2362574387,187.965312656,0.94148,5.20023,181.3139392858,,,,,,,,,,,,,,
8200,3.10836622,5.2325082159,187.261908263,0.94148,5.1876,179.038344861,,,,,,,,,,,,,,
8300,3.1349196029,5.2266964865,186.176749099,0.94148,5.3658,213.9623361001,,,,,,,,,,,,,,
8400,3.1147406817,5.2239559698,185.667227112,0.94148,5.30487,201.3148297846,,,,,,,,,,,,,,
8500,3.1203104091,5.2319493675,187.157286485,0.94148,5.18757,179.0329737912,,,,,,,,,,,,,,
8600,3.2333386707,5.2332789612,187.40629513,0.94148,5.37052,214.97462545,,,,,,,,,,,,,,
8700,3.1598206878,5.2372407341,188.15022899,0.932065,5.26288,193.0366370183,,,,,,,,,,,,,,
8800,3.0829610157,5.2232064962,185.528126565,0.922745,5.31972,204.3266625171,,,,,,,,,,,,,,
8900,3.0966044498,5.2261510849,186.075235693,0.922745,5.1984,180.9824381929,,,,,,,,,,,,,,
9000,3.1082817817,5.2290006208,186.606219935,0.922745,5.28841,198.0283099462,,,,,,,,,,,,,,
9100,3.3668215418,5.2276594544,186.356117677,0.922745,5.31762,203.8980267509,,,,,,,,,,,,,,
9200,3.1381427097,5.223690629,185.617968556,0.922745,5.32027,204.4390730916,,,,,,,,,,,,,,
9300,2.9964416838,5.2210712576,185.132402372,0.922745,5.27349,195.0956595359,,,,,,,,,,,,,,
9400,2.9626175547,5.2194320774,184.829185588,0.922745,5.21006,183.1050441668,,,,,,,,,,,,,,
9500,3.0735425353,5.2274444389,186.316052547,0.922745,5.21308,183.658857237,,,,,,,,,,,,,,
9600,2.9530868936,5.2177312946,184.515098465,0.913517,5.14157,170.9840025864,,,,,,,,,,,,,,
9700,2.7583270097,5.2111621141,183.306958071,0.913517,5.18785,179.0831100426,,,,,,,,,,,,,,
9800,2.8313018203,5.2229807615,185.486251153,0.913517,5.3445,209.4531318469,,,,,,,,,,,,,,
9900,2.8663415647,5.218162899,184.594753179,0.913517,5.46496,236.2664042637,,,,,,,,,,,,,,
10000,3.1156333756,5.2256847763,185.988487439,0.913517,5.12534,168.2313305816,,,,,,,,,,,,,,
