step,step-time,batch-loss,batch-perplexity,learnrate,val-loss
100,2.82367736816,10.4769306803,35487.3182865,1.0,8.15945
200,2.69396990776,7.69616404057,2199.89308528,1.0,7.52324
300,2.63746034861,7.14355550289,1265.92138408,1.0,7.01732
400,2.599091537,6.72522038937,833.155574943,1.0,6.69358
500,2.59712691069,6.41713972569,612.249406028,1.0,6.23425
600,2.58636913776,6.17379905701,480.006217531,1.0,6.042
700,2.60735987186,5.96545727253,389.731200703,1.0,5.887
800,2.60560665607,5.80829864502,333.052003688,1.0,5.97368
900,2.60673241615,5.69664271355,297.86569993,1.0,5.4837
1000,2.62764184237,5.57237658501,263.058537908,1.0,5.60453
1100,2.61366627216,5.50673528194,246.345564004,1.0,5.4468
1200,2.61746238947,5.43524162769,229.348258472,1.0,5.38804
1300,2.65312449217,5.3882125473,218.811919839,1.0,5.20285
1400,2.62126229763,5.30963054657,202.27548321,1.0,5.22208
1500,2.60122581005,5.25775929928,192.05068072,1.0,5.31567
1600,2.62703708649,5.21030097485,183.149173193,1.0,5.13416
1700,2.63380313396,5.17458133698,176.722611563,1.0,5.17518
1800,2.62359279156,5.34700778008,209.97905341,1.0,5.38521
1900,2.63756090164,5.22379009724,185.636432565,0.99,5.28027
2000,2.62501199484,5.08863262653,162.167966207,0.99,5.02226
2100,2.67368730545,4.99628092289,147.862224239,0.99,4.85245
2200,2.64702446938,4.96116133213,142.759490849,0.99,4.98542
2300,2.63957264423,4.91943114281,136.924700427,0.99,5.15744
2400,2.65636168718,4.87512321472,130.990292149,0.99,4.84983
2500,2.63850325108,4.7787106514,118.950881976,0.99,4.78239
2600,2.66564224243,4.7549337244,116.155954604,0.99,4.7969
2700,2.62532548189,4.73572597027,113.946150216,0.99,4.98247
2800,2.62706450224,4.6825772047,108.048176321,0.99,4.51074
2900,2.65655199051,4.62530274391,102.033658476,0.99,4.71422
3000,2.66105654955,4.62969000816,102.482290513,0.99,4.62983
3100,2.65264676332,4.61962831497,101.456315327,0.99,4.5398
3200,2.63678740501,4.59514502525,99.0024923681,0.99,4.43342
3300,2.6247666502,4.53547269821,93.2675923101,0.99,4.56089
3400,2.63564261436,4.55216784,94.83777876,0.99,4.32689
3500,2.64705703259,4.54464644909,94.1271425888,0.99,4.50302
3600,2.65857811213,4.49479476929,89.5497887321,0.99,4.45841
3700,2.67034524202,4.49258644581,89.3522520239,0.99,4.56174
3800,2.63401546478,4.48437205315,88.6212838805,0.99,4.68438
3900,2.66528606653,4.47742375374,88.0076509875,0.99,4.45579
4000,2.67551422358,4.45571953297,86.1180933648,0.99,4.55273
4100,2.64933372259,4.45512697697,86.0670786879,0.99,4.53857
4200,2.67839259386,4.44351006031,85.0730296793,0.99,4.63731
4300,2.67775784492,4.41804394245,82.9339031084,0.99,4.39854
4400,2.65872586727,4.41521568298,82.6996758955,0.99,4.2439
4500,2.63761464596,4.40830489159,82.1301259739,0.99,4.456
4600,2.67394440413,4.36773883343,78.8651027996,0.99,4.33206
4700,2.67288739443,4.38904702663,80.5636074145,0.99,4.51457
4800,2.65813783884,4.35798731804,78.0997860995,0.99,4.44202
4900,2.62849117517,4.35931619644,78.203640208,0.99,4.49168
5000,2.67572363853,4.37276032925,79.2621195584,0.99,4.15042
5100,2.67545320988,4.34453299999,77.0560439024,0.99,4.37486
5200,2.67471539736,4.33580139637,76.3861499506,0.99,4.49274
5300,2.65840265751,4.29674422026,73.4602335933,0.99,4.46219
5400,2.67441896915,4.2707979846,71.5787315608,0.99,4.43651
5500,2.66288943768,4.28423648357,72.5471346395,0.99,4.246
5600,2.69965166092,4.26885639191,71.4398896495,0.99,4.24403
5700,2.81035996437,4.27075136662,71.5753947824,0.99,4.26892
5800,2.98394416571,4.2371085763,69.2074541877,0.99,4.44415
5900,2.86487272024,4.20236811876,66.8444393284,0.99,4.16718
6000,2.79411778927,4.21406644106,67.6309988668,0.99,4.3256
6100,2.80524847746,4.19976606369,66.6707325113,0.99,4.36366
