step,step-time,batch-loss,batch-perplexity,learnrate,val-loss
100,0.63177492857,10.4703742266,35255.408411,1.0,6.08207
200,0.670079600811,6.12534668922,457.303227891,1.0,6.15469
300,0.617904541492,5.91008694172,368.73821275,1.0,5.97901
400,0.614552006721,5.79421393871,328.393944732,1.0,5.78987
500,0.613354179859,5.69635093212,297.77880093,1.0,5.9069
600,0.604603257179,5.6486232233,283.900329275,1.0,5.70942
700,0.624933366776,5.60515102386,271.822974091,1.0,5.5762
800,0.620738587379,5.56343521118,260.716917435,1.0,5.57948
900,0.617085142136,5.5482315588,256.783048417,1.0,5.51907
1000,0.607885231972,5.50110554218,244.962599106,1.0,5.64319
1100,0.614981863499,5.50858396053,246.80139899,1.0,5.49605
1200,0.607408723831,5.46034233093,235.177919263,1.0,5.56362
1300,0.609178209305,5.46999351025,237.458651708,1.0,5.63818
1400,0.60706707716,5.44346395016,231.241807828,1.0,5.34808
1500,0.686476118565,5.42268470764,226.486356667,1.0,5.39101
1600,0.664794206619,5.40620347977,222.78417546,1.0,5.37883
1700,0.704501156807,5.41570473671,224.910992873,1.0,5.45656
1800,0.77838862896,5.39320262432,219.906537012,1.0,5.33566
1900,0.767806043625,5.39044490337,219.300931577,1.0,5.2248
2000,0.765354464054,5.38848044395,218.870546672,1.0,5.34449
2100,0.770350158215,5.37374718189,215.669508322,1.0,5.2343
2200,0.774018528461,5.3787251091,216.745771994,1.0,5.46627
2300,0.750926065445,5.36697360992,214.21359183,1.0,5.32323
2400,0.800390894413,5.35231106281,211.095589736,1.0,5.38702
2500,0.771949934959,5.34604037762,209.776017382,1.0,5.29655
2600,0.73902279377,5.34536685467,209.63477599,1.0,5.37769
2700,0.751894125938,5.34370775223,209.287258785,1.0,5.28827
2800,0.807609643936,5.32961780071,206.359088786,1.0,5.42721
2900,0.789811952114,5.32838672638,206.105201717,1.0,5.39249
3000,0.773742642403,5.32889942169,206.21089798,1.0,5.36846
3100,0.745415716171,5.32090623856,204.569186499,1.0,5.34297
3200,0.782590236664,5.30478593826,201.297907622,1.0,5.31065
3300,0.68532623291,5.30403614998,201.147033378,1.0,5.27992
3400,0.68178227663,5.31009056568,202.368555204,1.0,5.30607
3500,0.681780116558,5.31246135235,202.848897046,1.0,5.27764
3600,0.651469388008,5.30061049938,200.459152815,0.99,5.25922
3700,0.736888172626,5.30472665787,201.285974956,0.99,5.36899
3800,0.694742088318,5.28941644192,198.227714266,0.99,5.46202
3900,0.675722672939,5.29846655369,200.029839654,0.99,5.32688
4000,0.681498432159,5.29898784161,200.134139975,0.99,5.26503
4100,0.680863318443,5.28706271648,197.761689316,0.99,5.36196
4200,0.683864850998,5.28518531799,197.390760118,0.99,5.28716
4300,0.683535628319,5.27961732864,196.294744601,0.99,5.30479
4400,0.692908816338,5.27397472858,195.190250902,0.99,5.29526
4500,0.663733453751,5.29258416176,198.856639733,0.99,5.31029
4600,0.679822275639,5.26464874744,193.378372209,0.9801,5.29405
4700,0.686934127808,5.26939480305,194.298338094,0.9801,5.18711
4800,0.68382598877,5.27026591778,194.467667981,0.9801,5.36176
4900,0.690097556114,5.26221038818,192.907420672,0.9801,5.26997
5000,0.681328248978,5.26021919727,192.52368734,0.9801,5.3611
