step,step-time,batch-loss,batch-perplexity,learnrate,val-loss
100,0.631667251587,8.16645675182,3520.84660277,1.0,6.35287
200,0.632526290417,6.49251899242,660.184269605,1.0,6.11382
300,0.640709574223,6.1735463953,479.884953661,1.0,6.01146
400,0.603810353279,5.97625616074,393.962670835,1.0,5.93987
500,0.644162166119,5.84879212379,346.815217532,1.0,5.75817
600,0.660417809486,5.74339520931,312.122334686,1.0,5.53064
700,0.653247051239,5.65983006001,287.099848663,1.0,5.51639
800,0.632225222588,5.60923986912,272.936691525,1.0,5.63084
900,0.613825609684,5.54802396774,256.729748085,1.0,5.56727
1000,0.649351909161,5.50450091362,245.795751749,1.0,5.45834
1100,0.662808101177,5.47053836823,237.588068203,1.0,5.45765
1200,0.673188476562,5.42198066711,226.326957211,1.0,5.37634
1300,0.628401424885,5.40228177071,221.912191691,1.0,5.30605
1400,0.645408461094,5.36543714046,213.88471191,1.0,5.00554
1500,0.667246000767,5.34151194572,208.828208638,1.0,5.36952
1600,0.632283804417,5.29476139069,199.290067827,1.0,5.35842
1700,0.656355142593,5.28278495312,196.917518475,1.0,5.32326
1800,0.635880124569,5.27308936596,195.017513229,1.0,5.20228
1900,0.62579821825,5.25130800247,190.815692697,1.0,5.15446
2000,0.632647819519,5.23095141888,186.970606289,1.0,5.43258
2100,0.629187829494,5.21660770893,184.307896365,1.0,5.17239
2200,0.62589871645,5.20370009422,181.944208654,1.0,5.07906
2300,0.642277317047,5.11616467476,166.694813211,1.0,5.05693
2400,0.657331483364,5.05551072121,156.884634197,1.0,5.21674
2500,0.657012963295,5.04189105988,154.762403448,1.0,5.00352
2600,0.679215540886,5.04074337959,154.584887574,1.0,5.12989
2700,0.678661828041,5.01854023457,151.19044005,1.0,5.07406
2800,0.62041438818,5.13264174938,169.464209203,1.0,4.98123
2900,0.62194737196,4.94385920048,140.310693143,0.99,4.83704
3000,0.622640218735,4.90546872616,135.026185481,0.99,4.88386
3100,0.598620698452,4.83489461899,125.825322908,0.99,4.92589
3200,0.600228233337,4.82477236748,124.558111679,0.99,4.72472
3300,0.640857872963,4.79531440735,120.942400986,0.99,4.80544
3400,0.620015511513,4.75589559555,116.267735416,0.99,4.71296
3500,0.617666580677,4.7701277113,117.934302542,0.99,4.7894
3600,0.641980240345,4.74076847553,114.522175363,0.99,4.67719
3700,0.677077848911,4.72754834175,113.018140559,0.99,4.89817
3800,0.642919971943,4.69593473911,109.501115795,0.99,4.84863
3900,0.782380521297,4.69582825661,109.489456463,0.99,4.72169
4000,0.615260050297,4.6519348526,104.787538,0.99,4.68976
4100,0.705282356739,4.64264282703,103.818359308,0.99,4.492
4200,0.695142436028,4.63923490524,103.465156644,0.99,4.55827
4300,0.804191946983,4.6167235899,101.162040225,0.99,4.65985
4400,0.833253824711,4.6074835825,100.231607447,0.99,4.55314
4500,0.937153356075,4.60358267784,99.8413751278,0.99,4.77525
4600,1.06038985014,4.55361083031,94.9747275393,0.99,4.51959
4700,1.05715376377,4.56792710304,96.3441910585,0.99,4.65912
4800,0.902984266281,4.56059397221,95.6402706249,0.99,4.59615
4900,0.980109112263,4.53915349007,93.6115234855,0.99,4.62512
5000,0.899169270992,4.51895075798,91.7392907435,0.99,4.58379
